Datetime,Water Level (m)
2025-05-29 06:00:00,-0.005480236
2025-05-29 07:00:00,-0.0053796144
2025-05-29 08:00:00,-0.0011790111
2025-05-29 09:00:00,-0.00075681286
2025-05-29 10:00:00,0.00070412265
2025-05-29 11:00:00,0.0005028638
2025-05-29 12:00:00,-0.003609881
2025-05-29 13:00:00,-0.0017638024
2025-05-29 14:00:00,-0.0043072063
2025-05-29 15:00:00,-0.0039062328
2025-05-29 16:00:00,-0.00306749
2025-05-29 17:00:00,-0.0018445083
2025-05-29 18:00:00,-0.0013045028
2025-05-29 19:00:00,-0.0009491625
2025-05-29 20:00:00,-0.00030591158
2025-05-29 21:00:00,0.00040128024
2025-05-29 22:00:00,9.901121e-05
2025-05-29 23:00:00,-0.0020898401
2025-05-30 00:00:00,0.014461823
2025-05-30 01:00:00,0.024064148
2025-05-30 02:00:00,0.03662729
2025-05-30 03:00:00,0.048069455
2025-05-30 04:00:00,0.05776191
2025-05-30 05:00:00,0.06634395
2025-05-30 06:00:00,0.118647315
2025-05-30 07:00:00,0.12553833
2025-05-30 08:00:00,0.10065155
2025-05-30 09:00:00,0.12690286
2025-05-30 10:00:00,0.14199775
2025-05-30 11:00:00,0.15505454
2025-05-30 12:00:00,0.169123
2025-05-30 13:00:00,0.18453345
2025-05-30 14:00:00,0.20071958
2025-05-30 15:00:00,0.21779563
2025-05-30 16:00:00,0.23494004
2025-05-30 17:00:00,0.25252724
2025-05-30 18:00:00,0.27001962
2025-05-30 19:00:00,0.2870777
2025-05-30 20:00:00,0.3030921
2025-05-30 21:00:00,0.31744874
2025-05-30 22:00:00,0.33026797
2025-05-30 23:00:00,0.34175983
2025-05-31 00:00:00,0.35283604
2025-05-31 01:00:00,0.36427948
2025-05-31 02:00:00,0.37609133
2025-05-31 03:00:00,0.38776663
2025-05-31 04:00:00,0.39919412
2025-05-31 05:00:00,0.41024446
2025-05-31 06:00:00,0.42072886
2025-05-31 07:00:00,0.4305671
2025-05-31 08:00:00,0.43981126
2025-05-31 09:00:00,0.44913185
2025-05-31 10:00:00,0.45782408
2025-05-31 11:00:00,0.46572104
2025-05-31 12:00:00,0.4738095
2025-05-31 13:00:00,0.48248252
2025-05-31 14:00:00,0.4898156
2025-05-31 15:00:00,0.49814793
2025-05-31 16:00:00,0.5069741
2025-05-31 17:00:00,0.5151646
2025-05-31 18:00:00,0.5230148
2025-05-31 19:00:00,0.5294578
2025-05-31 20:00:00,0.5357311
2025-05-31 21:00:00,0.54224235
2025-05-31 22:00:00,0.54855853
2025-05-31 23:00:00,0.55321926
2025-06-01 00:00:00,0.5571428
2025-06-01 01:00:00,0.56075335
2025-06-01 02:00:00,0.5650749
2025-06-01 03:00:00,0.57027936
2025-06-01 04:00:00,0.5759843
2025-06-01 05:00:00,0.58203936
2025-06-01 06:00:00,0.58840275
2025-06-01 07:00:00,0.5946264
2025-06-01 08:00:00,0.6002623
2025-06-01 09:00:00,0.6049619
2025-06-01 10:00:00,0.60875237
2025-06-01 11:00:00,0.61263967
2025-06-01 12:00:00,0.6167367
2025-06-01 13:00:00,0.62078065
2025-06-01 14:00:00,0.62537014
2025-06-01 15:00:00,0.6309199
2025-06-01 16:00:00,0.6374298
2025-06-01 17:00:00,0.64462334
2025-06-01 18:00:00,0.6518144
2025-06-01 19:00:00,0.6585858
2025-06-01 20:00:00,0.6646864
2025-06-01 21:00:00,0.6702677
2025-06-01 22:00:00,0.67515284
2025-06-01 23:00:00,0.6788602
2025-06-02 00:00:00,0.681793
2025-06-02 01:00:00,0.684668
2025-06-02 02:00:00,0.6873747
2025-06-02 03:00:00,0.6903378
2025-06-02 04:00:00,0.6933117
2025-06-02 05:00:00,0.6970241
2025-06-02 06:00:00,0.70110077
2025-06-02 07:00:00,0.7050174
2025-06-02 08:00:00,0.7084552
2025-06-02 09:00:00,0.71135247
2025-06-02 10:00:00,0.7133847
2025-06-02 11:00:00,0.71479654
2025-06-02 12:00:00,0.7187213
2025-06-02 13:00:00,0.7233195
2025-06-02 14:00:00,0.7279167
2025-06-02 15:00:00,0.7329249
2025-06-02 16:00:00,0.7371883
2025-06-02 17:00:00,0.7408056
2025-06-02 18:00:00,0.7458155
2025-06-02 19:00:00,0.7516207
2025-06-02 20:00:00,0.75810456
2025-06-02 21:00:00,0.7651082
2025-06-02 22:00:00,0.770187
2025-06-02 23:00:00,0.77370626
2025-06-03 00:00:00,0.77809495
2025-06-03 01:00:00,0.7822662
2025-06-03 02:00:00,0.785782
2025-06-03 03:00:00,0.78852826
2025-06-03 04:00:00,0.79033947
2025-06-03 05:00:00,0.791379
2025-06-03 06:00:00,0.7923692
2025-06-03 07:00:00,0.7938703
2025-06-03 08:00:00,0.7955056
2025-06-03 09:00:00,0.7970289
2025-06-03 10:00:00,0.79826444
2025-06-03 11:00:00,0.7989716
2025-06-03 12:00:00,0.7999696
2025-06-03 13:00:00,0.80311084
2025-06-03 14:00:00,0.8042307
2025-06-03 15:00:00,0.80408233
2025-06-03 16:00:00,0.8034979
2025-06-03 17:00:00,0.8064978
2025-06-03 18:00:00,0.8092824
2025-06-03 19:00:00,0.8132538
2025-06-03 20:00:00,0.81849957
2025-06-03 21:00:00,0.8228991
2025-06-03 22:00:00,0.82655376
2025-06-03 23:00:00,0.82970303
2025-06-04 00:00:00,0.832488
2025-06-04 01:00:00,0.83500314
2025-06-04 02:00:00,0.8368331
2025-06-04 03:00:00,0.8383401
2025-06-04 04:00:00,0.8396626
2025-06-04 05:00:00,0.8406064
2025-06-04 06:00:00,0.84197116
